condition  rep   T mean     min     max    wait  update     CB      dT    pred   err%
n8-B0        1     85.0    85.0    85.0    38.9    45.5  1.000     0.0   257.7  203.1
n8-B2        1     92.6    92.6    92.6    47.1    44.7  0.918    -7.6   256.2  176.7
n8-B3        1     82.8    82.8    82.8    36.4    45.6  1.027     2.2   239.6  189.2
n8-H0        1     80.4    80.4    80.4    34.8    44.9  1.058     4.7   243.4  202.8
n24-B0       1    228.6   228.6   228.6   112.0   116.0  1.000     0.0   257.7   12.7
n24-B2       1    215.2   215.2   215.2    96.9   117.7  1.062    13.4   256.2   19.1
n24-B3       1    211.6   211.6   211.6    97.9   113.0  1.081    17.1   239.6   13.2
n24-H0       1    206.5   206.5   206.5    99.1   106.7  1.107    22.1   243.4   17.8
n8 {'runs_compared': 4, 'identical_rewards_and_hashes': True, 'distinct': 1}
n24 {'runs_compared': 4, 'identical_rewards_and_hashes': False, 'distinct': 3}
